2.400000
0.200000
1.000000
2.000000
2.200000
3.400000
0.800000
0.400000
0.400000
4.000000
3.400000
3.000000
4.600000
1.800000
2.800000
2.000000
2.200000
3.600000
2.600000
0.200000
1.400000
1.600000
0.400000
3.200000
0.200000
0.200000
2.400000
3.800000
0.200000
1.400000
1.800000
4.200000
1.200000
1.600000
3.800000
1.000000
3.400000
1.200000
4.000000
2.400000
2.000000
2.600000
3.800000
3.200000
2.200000
4.400000
2.600000
2.600000
0.200000
0.200000
3.000000
3.200000
1.800000
2.200000
0.600000
0.600000
5.000000
5.000000
2.200000
0.200000
0.600000
0.200000
1.000000
0.400000
3.400000
1.400000
1.000000
2.000000
2.200000
2.800000
3.200000
0.800000
2.000000
1.200000
1.800000
4.000000
2.200000
1.000000
4.200000
4.200000
5.000000
1.200000
3.400000
4.000000
4.800000
0.400000
4.400000
0.400000
2.800000
0.000000
3.000000
4.600000
4.400000
4.400000
0.400000
3.600000
1.400000
1.200000
3.000000
1.600000
1.400000
2.400000
0.000000
3.400000
0.800000
2.800000
1.600000
1.600000
0.200000
3.200000
2.200000
1.600000
2.000000
0.400000
5.000000
3.600000
4.800000
2.000000
0.200000
3.800000
3.600000
0.400000
2.200000
1.800000
1.200000
1.200000
2.200000
2.000000
4.000000
4.600000
1.400000
0.800000
5.000000
2.600000
0.000000
0.600000
1.200000
1.600000
0.000000
2.800000
0.600000
3.200000
1.600000
3.000000
0.200000
2.400000
0.600000
4.600000
3.800000
0.600000
4.000000
2.800000
4.800000
5.000000
5.000000
0.200000
0.600000
3.400000
0.800000
3.600000
2.800000
0.000000
4.400000
4.600000
2.800000
4.000000
1.400000
1.000000
1.200000
3.200000
3.000000
5.000000
2.200000
0.400000
2.000000
0.800000
0.400000
0.000000
1.600000
1.600000
3.800000
1.600000
3.600000
3.000000
2.800000
4.800000
1.200000
2.400000
1.800000
0.200000
1.000000
2.600000
3.800000
1.200000
0.200000
3.800000
2.400000
0.400000
3.400000
4.200000
1.400000
2.400000
0.800000
2.800000
4.400000
3.000000
3.000000
1.600000
2.800000
4.000000
0.800000
2.000000
2.000000
3.000000
2.200000
4.400000
1.800000
4.600000
2.400000
4.400000
0.800000
3.800000
1.400000
2.800000
2.800000
2.800000
5.000000
3.000000
2.200000
1.200000
1.600000
1.600000
2.800000
1.800000
2.600000
0.200000
1.000000
2.600000
1.600000
2.400000
4.200000
0.200000
2.200000
1.600000
0.800000
5.000000
3.000000
3.000000
1.200000
3.200000
